#theta[rad] x[mm] y[mm]
0.100000 0.000000 -400.000000
0.100000 2.201135 -378.062067
0.110000 4.702241 -355.416528
0.120000 6.719876 -338.683680
0.130000 8.359443 -326.142754
0.140000 9.816131 -315.805911
0.150000 11.014967 -307.873700
0.160000 12.073129 -301.316724
0.170000 13.054056 -295.602258
0.180000 13.987440 -290.472914
0.190000 14.889801 -285.780930
0.200000 15.771338 -281.432175
0.210000 16.634366 -277.383105
0.220000 17.457367 -273.702743
0.230000 18.250169 -270.316774
0.240000 19.021330 -267.165534
0.250000 19.776692 -264.207297
0.260000 20.520426 -261.411529
0.270000 21.255617 -258.755094
0.280000 21.984605 -256.219961
0.290000 22.709211 -253.791761
0.300000 23.430874 -251.458820
0.310000 24.150751 -249.211505
0.320000 24.869782 -247.041758
0.330000 25.588743 -244.942755
0.340000 26.308277 -242.908660
0.350000 27.028924 -240.934439
0.360000 27.751140 -239.015708
0.370000 28.474287 -237.151270
0.380000 29.195329 -235.346015
0.390000 29.914718 -233.595909
0.400000 30.633096 -231.896786
0.410000 31.351009 -230.245011
0.420000 32.068928 -228.637390
0.430000 32.787262 -227.071099
0.440000 33.506367 -225.543627
0.450000 34.226553 -224.052727
0.460000 34.948095 -222.596386
0.470000 35.671236 -221.172786
0.480000 36.396189 -219.780281
0.490000 37.123146 -218.417377
0.500000 37.852278 -217.082710
0.510000 38.583737 -215.775034
0.520000 39.317663 -214.493208
0.530000 40.054177 -213.236178
0.540000 40.793394 -212.002978
0.550000 41.535415 -210.792711
0.560000 42.280333 -209.604549
0.570000 43.028232 -208.437722
0.580000 43.779191 -207.291515
0.590000 44.533280 -206.165262
0.600000 45.290565 -205.058342
0.610000 46.051106 -203.970174
0.620000 46.814959 -202.900215
0.630000 47.582178 -201.847955
0.640000 48.352809 -200.812917
0.650000 49.126899 -199.794651
0.660000 49.904490 -198.792736
0.670000 50.685623 -197.806774
0.680000 51.470335 -196.836390
0.690000 52.258662 -195.881231
0.700000 53.050640 -194.940962
0.710000 53.846300 -194.015268
0.720000 54.645675 -193.103851
0.730000 55.448794 -192.206428
0.740000 56.256045 -191.322341
0.750000 57.067884 -190.450891
0.760000 57.884320 -189.591893
0.770000 58.705352 -188.745179
0.780000 59.530981 -187.910588
0.790000 60.361208 -187.087967
0.800000 61.196033 -186.277173
0.810000 62.035460 -185.478065
0.820000 62.879490 -184.690513
0.830000 63.728129 -183.914390
0.840000 64.581379 -183.149577
0.850000 65.439246 -182.395959
0.860000 66.301737 -181.653429
0.870000 67.168858 -180.921882
0.880000 68.040616 -180.201221
0.890000 68.917020 -179.491351
0.900000 69.798080 -178.792185
0.910000 70.683806 -178.103638
0.920000 71.574208 -177.425631
0.930000 72.469300 -176.758087
0.940000 73.369095 -176.100936
0.950000 74.273606 -175.454109
0.960000 75.182849 -174.817544
0.970000 76.096840 -174.191179
0.980000 77.015597 -173.574960
0.990000 77.939138 -172.968834
1.000000 78.867483 -172.372750
1.010000 79.800652 -171.786665
1.020000 80.738668 -171.210534
1.030000 81.681554 -170.644319
1.040000 82.629335 -170.087984
1.050000 83.582035 -169.541496
1.060000 84.539683 -169.004826
1.070000 85.502307 -168.477946
1.080000 86.469936 -167.960834
1.090000 87.442603 -167.453468
1.100000 88.420340 -166.955831
1.110000 89.403181 -166.467909
1.120000 90.391163 -165.989688
1.130000 91.384323 -165.521161
1.140000 92.382701 -165.062322
1.150000 93.386337 -164.613166
1.160000 94.395275 -164.173695
1.170000 95.409560 -163.743910
1.180000 96.429237 -163.323817
1.190000 97.454357 -162.913424
1.200000 98.484969 -162.512743
1.210000 99.521128 -162.121788
1.220000 100.562887 -161.740575
1.230000 101.610306 -161.369126
1.240000 102.663443 -161.007463
1.250000 103.722362 -160.655613
1.260000 104.787127 -160.313604
1.270000 105.857807 -159.981470
1.280000 106.934472 -159.659245
1.290000 108.017197 -159.346969
1.300000 109.106058 -159.044684
1.310000 110.201136 -158.752436
1.320000 111.302514 -158.470274
1.330000 112.410279 -158.198250
1.340000 113.524523 -157.936421
1.350000 114.645342 -157.684847
1.360000 115.772832 -157.443592
1.370000 116.907100 -157.212724
1.380000 118.048252 -156.992315
1.390000 119.196402 -156.782442
1.400000 120.351667 -156.583186
1.410000 121.514172 -156.394631
1.420000 122.684046 -156.216869
1.430000 123.861423 -156.049995
1.440000 125.046445 -155.894108
1.450000 126.239632 -155.749270
1.460000 127.441996 -155.615505
1.470000 128.653829 -155.492941
1.480000 129.875389 -155.381722
1.490000 131.106948 -155.282000
1.500000 132.348796 -155.193934
1.510000 133.601235 -155.117697
1.520000 134.864590 -155.053468
1.530000 136.139201 -155.001439
1.540000 137.425432 -154.961816
1.550000 138.723670 -154.934813
1.560000 140.034324 -154.920662
1.570000 141.357833 -154.919608
1.580000 142.694664 -154.931913
1.590000 144.045316 -154.957853
1.600000 145.410324 -154.997728
1.610000 146.790260 -155.051854
1.620000 148.185742 -155.120572
1.630000 149.597430 -155.204247
1.640000 151.026040 -155.303270
1.650000 152.472344 -155.418063
1.660000 153.937177 -155.549079
1.670000 155.421448 -155.696809
1.680000 156.926144 -155.861784
1.690000 158.452341 -156.044579
1.700000 160.001221 -156.245821
1.710000 161.574076 -156.466193
1.720000 163.172331 -156.706445
1.730000 164.797564 -156.967396
1.740000 166.451520 -157.249953
1.750000 168.136149 -157.555118
1.760000 169.853628 -157.884006
1.770000 171.606411 -158.237859
1.780000 173.397269 -158.618077
1.790000 175.229359 -159.026236
1.800000 177.106296 -159.464132
1.810000 179.032167 -159.933800
1.820000 181.004268 -160.435687
1.830000 183.019782 -160.970139
1.840000 185.082398 -161.539217
1.850000 187.196352 -162.145272
1.860000 189.366553 -162.791005
1.870000 191.598732 -163.479552
1.880000 193.899652 -164.214581
1.890000 196.277384 -165.000435
1.900000 198.741684 -165.842327
1.910000 201.304525 -166.746602
1.920000 203.980865 -167.721129
1.930000 206.789802 -168.775868
1.940000 209.756355 -169.923767
1.950000 212.914384 -171.182209
1.960000 216.311672 -172.575519
1.970000 220.014858 -174.137727
1.980000 224.001007 -175.866459
1.990000 228.260087 -177.764380
2.000000 232.865152 -179.871923
2.010000 237.928324 -182.250642
2.020000 243.638124 -185.003184
2.030000 250.360852 -188.327287
2.040000 258.913728 -192.663291
2.050000 269.433707 -198.129463
2.060000 282.729671 -205.207778
2.070000 302.237857 -215.844986
2.080000 321.815363 -226.775376
2.090000 340.237099 -237.303489
2.100000 357.663436 -247.495244
2.110000 374.219722 -257.401659
2.120000 390.006119 -267.063093
2.130000 405.104151 -276.512057
2.140000 419.581221 -285.775147
2.150000 433.493802 -294.874405
2.160000 446.889769 -303.828308
2.170000 459.810122 -312.652502
2.180000 472.290291 -321.360342
2.190000 484.361136 -329.963324
2.200000 496.049735 -338.471406
2.210000 507.379998 -346.893267
2.220000 518.373160 -355.236512
2.230000 529.048186 -363.507839
2.240000 539.422091 -371.713171
2.250000 549.510211 -379.857766
2.260000 559.326426 -387.946310
2.270000 568.883345 -395.982991
2.280000 578.192463 -403.971564
2.290000 587.264293 -411.915402
2.300000 596.108480 -419.817546
2.310000 604.733899 -427.680740
2.320000 613.148736 -435.507464
2.330000 621.360560 -443.299967
2.340000 629.376390 -451.060288
2.350000 637.202745 -458.790278
