#theta[rad] x[mm] y[mm]
-0.100000 0.000000 -400.000000
-0.100000 -2.201135 -378.062067
-0.090000 -4.248499 -355.375032
-0.080000 -5.593143 -338.602855
-0.070000 -6.475721 -326.015208
-0.060000 -7.099373 -315.633471
-0.050000 -7.497219 -307.683192
-0.040000 -7.760756 -301.098267
-0.030000 -7.933245 -295.350362
-0.020000 -8.036592 -290.183724
-0.010000 -8.083917 -285.451404
-0.000000 -8.083917 -281.059759
0.010000 -8.043256 -276.993864
0.020000 -7.969290 -273.296025
0.030000 -7.867014 -269.887871
0.040000 -7.739869 -266.710932
0.050000 -7.590409 -263.724221
0.060000 -7.420614 -260.897694
0.070000 -7.232066 -258.208556
0.080000 -7.026064 -255.639028
0.090000 -6.803695 -253.174932
0.100000 -6.565882 -250.804744
0.110000 -6.313426 -248.518951
0.120000 -6.047023 -246.309593
0.130000 -5.767290 -244.169932
0.140000 -5.474774 -242.094203
0.150000 -5.169969 -240.077431
0.160000 -4.854370 -238.121798
0.170000 -4.529624 -236.229963
0.180000 -4.196019 -234.396666
0.190000 -3.853799 -232.617232
0.200000 -3.503188 -230.887614
0.210000 -3.144396 -229.204271
0.220000 -2.777620 -227.564093
0.230000 -2.403045 -225.964325
0.240000 -2.020845 -224.402518
0.250000 -1.631184 -222.876481
0.260000 -1.234217 -221.384245
0.270000 -0.830092 -219.924036
0.280000 -0.418949 -218.494244
0.290000 -0.000922 -217.093408
0.300000 0.423862 -215.720195
0.310000 0.855283 -214.373386
0.320000 1.293222 -213.051861
0.330000 1.737569 -211.754591
0.340000 2.188217 -210.480627
0.350000 2.645064 -209.229091
0.360000 3.108009 -207.999171
0.370000 3.576958 -206.790112
0.380000 4.051820 -205.601212
0.390000 4.532506 -204.431817
0.400000 5.018930 -203.281316
0.410000 5.511010 -202.149138
0.420000 6.008666 -201.034748
0.430000 6.511820 -199.937645
0.440000 7.020803 -198.856499
0.450000 7.535989 -197.789982
0.460000 8.057295 -196.737792
0.470000 8.584635 -195.699651
0.480000 9.117925 -194.675298
0.490000 9.657082 -193.664481
0.500000 10.202029 -192.666964
0.510000 10.752686 -191.682519
0.520000 11.308982 -190.710930
0.530000 11.870841 -189.751989
0.540000 12.438194 -188.805501
0.550000 13.010972 -187.871276
0.560000 13.589108 -186.949135
0.570000 14.172537 -186.038904
0.580000 14.761196 -185.140420
0.590000 15.355022 -184.253524
0.600000 15.953955 -183.378066
0.610000 16.557938 -182.513899
0.620000 17.166911 -181.660886
0.630000 17.780821 -180.818894
0.640000 18.399611 -179.987793
0.650000 19.023230 -179.167463
0.660000 19.651625 -178.357785
0.670000 20.284746 -177.558647
0.680000 20.922543 -176.769939
0.690000 21.564969 -175.991559
0.700000 22.211976 -175.223405
0.710000 22.863518 -174.465382
0.720000 23.519552 -173.717397
0.730000 24.180032 -172.979362
0.740000 24.844918 -172.251191
0.750000 25.514166 -171.532802
0.760000 26.187736 -170.824118
0.770000 26.865589 -170.125061
0.780000 27.547686 -169.435560
0.790000 28.233989 -168.755544
0.800000 28.924462 -168.084947
0.810000 29.619068 -167.423704
0.820000 30.317772 -166.771754
0.830000 31.020541 -166.129036
0.840000 31.727340 -165.495495
0.850000 32.438137 -164.871075
0.860000 33.152901 -164.255725
0.870000 33.871601 -163.649394
0.880000 34.594205 -163.052034
0.890000 35.320686 -162.463600
0.900000 36.051014 -161.884047
0.910000 36.785161 -161.313335
0.920000 37.523100 -160.751422
0.930000 38.264805 -160.198271
0.940000 39.010251 -159.653846
0.950000 39.759411 -159.118113
0.960000 40.512262 -158.591038
0.970000 41.268781 -158.072591
0.980000 42.028943 -157.562743
0.990000 42.792727 -157.061466
1.000000 43.560111 -156.568735
1.010000 44.331074 -156.084524
1.020000 45.105596 -155.608811
1.030000 45.883657 -155.141576
1.040000 46.665238 -154.682798
1.050000 47.450320 -154.232459
1.060000 48.238885 -153.790544
1.070000 49.030917 -153.357036
1.080000 49.826398 -152.931921
1.090000 50.625312 -152.515189
1.100000 51.427644 -152.106828
1.110000 52.233379 -151.706828
1.120000 53.042502 -151.315182
1.130000 53.855000 -150.931883
1.140000 54.670859 -150.556926
1.150000 55.490067 -150.190308
1.160000 56.312611 -149.832025
1.170000 57.138480 -149.482078
1.180000 57.967663 -149.140466
1.190000 58.800150 -148.807191
1.200000 59.635930 -148.482257
1.210000 60.474994 -148.165668
1.220000 61.317334 -147.857430
1.230000 62.162940 -147.557550
1.240000 63.011806 -147.266037
1.250000 63.863924 -146.982901
1.260000 64.719287 -146.708153
1.270000 65.577889 -146.441807
1.280000 66.439725 -146.183876
1.290000 67.304789 -145.934377
1.300000 68.173077 -145.693327
1.310000 69.044586 -145.460744
1.320000 69.919311 -145.236648
1.330000 70.797250 -145.021060
1.340000 71.678400 -144.814004
1.350000 72.562761 -144.615505
1.360000 73.450330 -144.425587
1.370000 74.341108 -144.244279
1.380000 75.235094 -144.071609
1.390000 76.132289 -143.907609
1.400000 77.032695 -143.752310
1.410000 77.936312 -143.605746
1.420000 78.843145 -143.467953
1.430000 79.753195 -143.338968
1.440000 80.666468 -143.218829
1.450000 81.582967 -143.107578
1.460000 82.502698 -143.005256
1.470000 83.425666 -142.911908
1.480000 84.351879 -142.827579
1.490000 85.281344 -142.752318
1.500000 86.214069 -142.686174
1.510000 87.150064 -142.629199
1.520000 88.089337 -142.581446
1.530000 89.031901 -142.542971
1.540000 89.977766 -142.513833
1.550000 90.926946 -142.494091
1.560000 91.879453 -142.483807
1.570000 92.835303 -142.483046
1.580000 93.794511 -142.491874
1.590000 94.757094 -142.510361
1.600000 95.723069 -142.538579
1.610000 96.692455 -142.576602
1.620000 97.665274 -142.624507
1.630000 98.641545 -142.682374
1.640000 99.621293 -142.750284
1.650000 100.604540 -142.828324
1.660000 101.591314 -142.916583
1.670000 102.581641 -143.015150
1.680000 103.575550 -143.124122
1.690000 104.573072 -143.243597
1.700000 105.574238 -143.373676
1.710000 106.579084 -143.514465
1.720000 107.587644 -143.666072
1.730000 108.599959 -143.828612
1.740000 109.616067 -144.002201
1.750000 110.636012 -144.186961
1.760000 111.659838 -144.383018
1.770000 112.687594 -144.590502
1.780000 113.719330 -144.809550
1.790000 114.755099 -145.040302
1.800000 115.794958 -145.282905
1.810000 116.838966 -145.537510
1.820000 117.887185 -145.804276
1.830000 118.939684 -146.083366
1.840000 119.996531 -146.374951
1.850000 121.057802 -146.679209
1.860000 122.123575 -146.996325
1.870000 123.193934 -147.326493
1.880000 124.268967 -147.669912
1.890000 125.348768 -148.026792
1.900000 126.433436 -148.397353
1.910000 127.523077 -148.781823
1.920000 128.617802 -149.180441
1.930000 129.717730 -149.593458
1.940000 130.822986 -150.021134
1.950000 131.933739 -150.463757
1.960000 133.051261 -150.922080
1.970000 134.176598 -151.396809
1.980000 135.310038 -151.888365
1.990000 136.451889 -152.397194
2.000000 137.602483 -152.923772
2.010000 138.762176 -153.468605
2.020000 139.931353 -154.032234
2.030000 141.110429 -154.615237
2.040000 142.299852 -155.218232
2.050000 143.500108 -155.841884
2.060000 144.711724 -156.486907
2.070000 145.935274 -157.154071
2.080000 147.171384 -157.844208
2.090000 148.420737 -158.558219
2.100000 149.684082 -159.297084
2.110000 150.962243 -160.061868
2.120000 152.256127 -160.853738
2.130000 153.566736 -161.673971
2.140000 154.895185 -162.523973
2.150000 156.242714 -163.405299
2.160000 157.610710 -164.319671
2.170000 159.000733 -165.269013
2.180000 160.414543 -166.255477
2.190000 161.854140 -167.281488
2.200000 163.321809 -168.349799
2.210000 164.820179 -169.463547
2.220000 166.352294 -170.626343
2.230000 167.921437 -171.842163
2.240000 169.524009 -173.109731
2.250000 171.158080 -174.428990
2.260000 172.826719 -175.803945
2.270000 174.533501 -177.239226
2.280000 176.282627 -178.740230
2.290000 178.079086 -180.313317
2.300000 179.928867 -181.966068
2.310000 181.839268 -183.707647
2.320000 183.819314 -185.549309
2.330000 185.880387 -187.505136
2.340000 188.037160 -189.593161
2.350000 190.309098 -191.837125
